8
00 61 88 00 00 84 00 55 
61 00 00 33 54 35 40 64 
88 00 00 59 99 00 00 00 
00 33 59 00 71 61 00 96 
00 54 99 71 00 59 00 23 
84 35 00 61 59 00 11 11 
00 40 00 00 00 11 00 00 
55 64 00 96 23 11 00 00 
